81: 961,238,1105,466,295,1306,57,221,539,192
399: 379,744,125,144,96,1153,1206,508,864,620
890: 180,56,452,282,34,729,466,96,98,1253
385: 96,452,282,56,180,48,307,144,125,864
751: 180,466,56,34,452,729,282,98,248,900
34: 744,379,313,125,508,592,1206,127,262,91
194: 379,744,1153,508,125,85,725,144,313,127
325: 738,1258,529,96,483,97,32,307,282,236
414: 144,1153,96,85,379,727,282,393,620,744
730: 1219,684,56,727,180,155,452,930,1039,558
560: 96,282,452,56,144,180,125,307,864,48
886: 96,452,282,56,180,48,307,864,738,144
355: 180,466,56,34,452,729,1219,57,900,568
606: 961,137,1011,356,493,51,1306,61,295,1105
595: 180,34,466,56,729,452,98,156,1253,237
478: 34,156,98,180,1253,452,738,729,529,56
489: 961,684,493,1011,1306,698,1219,1105,295,137
672: 961,466,1105,238,1306,698,295,1219,180,221
402: 1219,684,180,56,155,930,558,1039,452,727
830: 96,744,125,864,307,1206,282,738,1258,236
739: 180,56,452,34,466,729,282,98,1253,237
392: 452,180,56,282,96,48,729,727,1253,738
907: 96,282,452,307,56,864,125,738,180,1206
648: 452,180,282,56,96,48,727,307,738,514
29: 744,379,125,96,1206,144,1153,508,864,620
166: 744,313,379,508,592,125,1206,262,127,91
591: 96,282,452,56,144,180,727,125,1153,307
585: 452,180,56,282,96,48,729,727,738,1253
530: 379,744,313,508,127,592,725,91,262,125
106: 1219,684,930,558,961,698,356,180,493,1011
231: 96,282,452,56,180,307,125,864,144,48
665: 1219,180,56,684,466,961,930,698,21,452
473: 466,34,180,57,900,729,56,961,156,4
170: 961,1011,137,493,356,1306,684,1105,295,51
679: 684,356,137,1011,304,558,493,429,1219,51
526: 744,379,125,313,1206,508,592,864,307,1258
684: 180,56,1219,452,282,466,684,930,727,155
598: 180,466,1219,56,961,698,684,21,452,1105
609: 744,379,313,508,125,592,1206,127,262,91
712: 180,466,34,56,729,452,57,900,98,237
372: 744,379,313,125,508,592,1206,127,262,91
333: 738,1258,483,529,32,236,96,97,168,307
615: 466,961,57,238,1105,34,900,539,295,1306
546: 744,1258,125,1206,864,738,96,236,307,313
704: 744,313,379,592,125,1206,508,262,127,91
179: 96,744,125,1206,1258,864,307,738,236,32
285: 961,1011,137,493,1306,356,1105,295,684,698
71: 684,356,137,304,1011,558,493,429,1219,51
291: 34,180,466,56,729,452,98,156,237,1253
880: 180,56,466,452,34,1219,729,282,568,248
226: 1219,727,56,684,452,180,155,282,144,1039
140: 180,1219,466,56,961,452,698,684,21,930
652: 452,282,56,180,96,727,48,144,514,307
873: 684,1219,356,558,1011,137,304,493,429,930
101: 379,744,1153,144,125,85,508,1206,620,725
238: 738,34,529,483,97,263,156,98,1253,946
52: 744,379,313,125,508,592,1206,127,262,91
763: 180,56,452,282,96,727,1219,48,144,514
298: 744,313,379,508,592,125,262,91,127,1206
872: 180,56,466,452,1219,34,729,282,568,21
302: 744,125,1206,379,313,864,1258,592,307,236
254: 356,684,137,304,1011,493,558,429,51,455
748: 96,144,282,452,727,56,1153,180,85,379
338: 452,180,56,282,96,34,729,98,1253,48
541: 466,961,1105,238,57,295,180,1306,539,34
367: 452,180,282,56,96,738,34,48,97,98
582: 744,379,313,125,1206,508,592,864,127,262
455: 744,379,125,313,508,1206,592,127,262,91
282: 744,379,313,508,592,127,91,262,125,276
600: 180,466,56,34,452,729,282,900,248,98
314: 1219,684,727,155,1039,768,558,930,56,144
465: 961,1105,238,1306,295,698,466,1011,493,1219
860: 180,56,452,1219,282,727,96,155,684,930
112: 744,379,125,508,1206,313,592,127,864,1153
432: 961,1219,684,698,466,1105,1306,1011,295,493
698: 96,738,744,1258,125,864,1206,307,236,282
19: 961,466,238,1105,295,57,1306,221,539,698
377: 738,34,529,97,483,98,263,1253,156,452
659: 180,452,56,282,34,729,466,98,1253,96
59: 356,137,1011,961,493,51,332,684,429,304
495: 96,282,452,56,180,307,48,738,864,125
637: 684,356,304,558,137,1011,1219,493,1039,488
43: 34,156,673,98,946,384,214,1253,222,263
216: 744,379,313,508,592,125,127,262,91,1206
309: 744,379,125,1206,313,508,592,864,96,307
941: 180,56,452,34,282,729,466,98,1253,96
124: 768,85,684,1039,1108,558,304,155,488,1109
153: 744,379,125,1206,508,1153,144,96,313,864
876: 180,56,452,1219,282,466,727,729,930,96
442: 1219,56,180,452,684,727,155,930,282,1039
184: 34,466,180,729,156,57,900,56,98,237
557: 961,1105,238,1306,295,698,61,1011,221,493
913: 452,282,96,56,180,48,307,738,727,144
90: 96,744,125,1206,864,307,379,282,144,452
481: 961,238,1105,466,57,295,1306,221,539,192
627: 34,180,466,729,156,56,98,452,1253,237
204: 34,156,98,1253,729,673,180,237,222,546
729: 452,180,56,282,96,48,729,34,1253,98
10: 96,282,452,144,56,1153,125,727,180,379
790: 34,156,466,729,673,98,180,57,237,1253
577: 961,238,1105,466,57,295,1306,539,221,310
812: 961,137,1011,356,493,51,1306,61,429,684
435: 452,56,180,282,96,727,48,144,1219,514
737: 452,180,56,282,96,48,729,738,1253,34
693: 34,466,156,729,180,57,900,98,237,673
567: 744,125,1206,313,379,1258,864,592,236,307
828: 180,452,56,282,96,34,729,98,466,1253
786: 96,282,452,307,738,864,125,1206,56,180
276: 96,738,282,307,1258,452,125,864,1206,32
419: 744,379,313,125,508,592,1206,127,262,91
133: 180,56,452,34,282,729,466,98,1253,96
244: 684,356,304,558,137,1011,1219,493,429,253
500: 356,684,137,1011,493,961,429,51,304,558
358: 452,282,96,180,56,738,97,529,98,307
851: 96,744,125,1206,379,864,307,282,144,620
123: 744,125,1206,864,96,1258,307,379,236,738
421: 452,282,96,56,180,48,307,738,864,514
389: 466,34,180,57,900,729,56,961,4,1105
755: 180,452,56,282,96,34,729,48,98,1253
268: 452,180,282,56,34,738,96,98,1253,529
741: 96,744,125,379,864,1206,307,282,144,452
620: 961,1105,238,1306,295,698,61,1011,493,221
496: 34,180,156,98,729,452,56,1253,466,237
351: 744,1258,125,1206,313,864,236,307,738,379
570: 744,379,313,125,1206,508,592,127,864,262
726: 452,180,56,282,96,48,729,727,34,1253
345: 34,156,738,98,529,1253,97,263,180,483
894: 180,34,56,452,729,466,98,1253,282,156
643: 452,282,96,180,738,56,97,529,98,307
85: 727,452,96,56,144,282,180,1219,1153,85
932: 96,282,452,56,180,738,307,48,864,125
834: 180,452,56,282,96,729,34,48,466,1253
190: 744,379,125,1206,313,508,592,864,96,307
513: 684,356,558,1219,304,137,1011,493,253,1033
329: 379,744,508,125,1153,313,127,1206,725,144
846: 180,56,452,282,96,34,729,466,98,1253
410: 452,96,282,56,180,48,307,144,727,514
734: 180,34,452,56,282,729,98,1253,466,156
346: 180,452,56,282,34,96,729,98,1253,738
622: 180,452,56,282,96,34,729,98,1253,466
33: 744,379,313,508,125,592,1206,127,262,91
815: 34,180,56,452,729,466,98,156,1253,282
261: 684,304,356,558,137,1011,488,1039,493,1033
581: 1258,738,236,744,32,1206,168,125,864,307
883: 180,56,452,466,34,729,282,1219,98,1253
396: 34,180,156,729,98,452,56,1253,466,237
359: 738,1258,96,529,483,97,32,307,236,864
893: 96,744,125,379,282,144,864,307,1206,452
777: 180,452,56,282,96,34,729,98,1253,466
675: 34,180,466,56,729,452,98,156,237,1253
522: 452,282,56,96,180,727,48,144,514,307
407: 744,125,1206,379,313,864,1258,592,236,508
518: 96,744,379,125,144,1206,864,282,307,1153
162: 466,961,1105,238,180,57,295,698,1306,539
199: 744,379,313,125,1206,508,592,864,127,262
320: 180,452,56,282,34,98,96,729,1253,738
417: 180,34,466,56,452,729,98,156,1253,237
9: 452,180,56,34,282,98,1253,729,96,738
826: 180,452,56,282,96,48,729,34,1253,98
902: 180,466,34,56,729,452,57,900,1219,248
661: 180,56,452,282,1219,466,96,729,727,34
477: 738,529,34,483,97,263,98,156,1253,1258
773: 738,96,282,1258,529,452,97,483,307,32
680: 180,56,452,282,34,466,729,98,1253,96
809: 744,379,125,1206,96,864,307,508,313,144
825: 282,452,96,180,56,738,97,529,307,48
175: 744,379,313,508,125,592,1206,127,262,91
752: 96,282,452,56,180,307,48,864,125,144
169: 684,356,304,558,137,1011,493,488,1033,429
206: 961,684,356,137,1011,493,429,51,1219,1306
592: 96,282,452,738,56,180,307,864,97,48
334: 34,156,98,673,1253,946,222,729,384,214
545: 452,282,96,180,56,738,48,307,97,529
119: 34,180,452,98,56,156,729,1253,282,237
222: 961,466,1105,238,1219,698,1306,295,180,221
610: 744,313,379,508,592,125,1206,262,127,91
707: 452,56,180,282,96,48,727,307,514,738
105: 961,698,1105,1219,1306,295,238,466,493,684
762: 96,282,452,56,180,48,307,144,864,125
535: 452,180,56,282,96,34,98,729,1253,738
524: 452,282,96,56,180,727,144,48,514,307
234: 961,1105,238,466,1306,295,698,221,61,539
461: 180,452,56,282,96,48,729,34,98,1253
767: 961,1306,1011,1105,137,238,493,295,61,51
294: 379,744,125,144,1153,508,96,1206,864,620
23: 96,282,125,452,307,864,744,1206,144,56
306: 744,379,313,508,592,125,127,1206,262,91
689: 744,96,125,1206,864,1258,307,738,236,379
717: 34,180,452,98,156,1253,56,729,282,738
363: 744,379,125,96,1206,864,307,144,508,1153
655: 180,56,452,282,34,466,729,98,1253,96
55: 180,452,56,282,34,96,729,98,1253,466
820: 180,56,452,282,1219,96,466,727,729,48
286: 466,180,961,1219,698,56,1105,238,21,295
253: 738,529,483,1258,97,263,49,32,98,696
157: 466,180,34,729,56,57,900,452,248,237
718: 356,137,1011,684,493,961,304,51,429,332
864: 180,452,56,282,96,34,729,466,98,1253
68: 738,1258,96,483,529,32,236,307,97,864
147: 180,34,56,452,466,729,98,282,1253,156
768: 96,282,452,56,307,125,864,180,144,1206
208: 356,137,684,1011,493,304,961,51,429,558
94: 34,156,738,98,529,1253,263,97,483,946
311: 738,1258,483,529,236,32,168,97,49,96
466: 452,180,56,282,96,48,727,729,34,466
658: 466,57,961,34,180,900,1105,238,729,539
212: 961,238,1105,466,295,1306,57,221,539,192
128: 738,529,483,97,263,1258,34,98,946,156
370: 1219,180,684,56,930,452,155,21,466,558
782: 452,180,56,282,96,48,727,729,514,1219
879: 466,180,34,57,729,900,56,961,4,1105
446: 180,56,466,1219,452,729,34,282,21,698
188: 1258,744,738,96,125,1206,307,864,236,32
553: 96,452,282,56,180,48,307,864,144,738
450: 961,1105,238,1306,295,221,61,1099,539,698
61: 96,282,125,307,744,864,1206,452,144,379
127: 34,156,180,98,1253,729,452,237,56,222
425: 34,156,98,673,1253,946,222,384,529,729
635: 379,744,144,1153,125,96,85,1206,620,508
816: 34,466,57,900,729,180,156,117,238,4
431: 744,379,125,96,1206,864,307,508,144,313
14: 96,738,1258,282,307,452,529,864,97,32
117: 744,379,313,508,592,127,125,91,262,1206
486: 738,529,97,34,483,98,452,263,282,1253
93: 738,96,1258,529,282,97,452,483,307,32
624: 744,379,313,508,592,125,127,91,262,1206
201: 738,529,483,97,34,263,1258,98,156,1253
849: 180,56,452,282,466,34,729,1219,98,1253
137: 1258,738,236,32,483,1206,168,864,307,96
240: 744,1258,125,1206,313,864,236,379,592,307
40: 1219,180,56,684,466,452,930,698,21,961
215: 744,379,125,1206,313,508,96,864,592,307
438: 466,180,1219,56,961,34,698,452,729,57
904: 96,282,452,56,180,738,307,864,48,125
562: 96,744,125,379,1206,864,144,307,282,1153
379: 356,684,137,1011,493,304,558,429,961,51
183: 684,1219,558,356,304,137,1011,930,1039,493
924: 180,56,452,1219,466,282,729,34,568,21
558: 684,356,961,1011,137,493,1219,429,558,51
2: 684,356,137,1011,558,493,304,1219,429,253
507: 379,744,508,125,1153,313,127,725,144,1206
744: 738,529,97,452,96,282,483,1258,34,98
801: 180,452,56,282,96,34,729,466,98,1253
49: 466,961,57,238,1105,34,900,539,295,1306
854: 180,452,34,56,282,729,98,466,1253,156
13: 379,744,313,508,725,127,91,592,262,55
574: 452,180,282,56,96,48,738,307,727,729
722: 34,180,156,729,98,452,466,56,1253,237
341: 744,313,379,125,1206,592,508,1258,262,864
795: 452,180,56,282,96,48,729,738,727,1253
898: 684,1219,558,1039,155,930,304,768,1485,488
150: 744,313,125,379,1206,592,1258,864,508,236
936: 452,180,56,282,96,48,727,729,738,307
838: 180,56,452,466,34,729,282,98,1253,1219
940: 466,180,34,57,56,961,729,900,1219,1105
271: 379,744,125,144,96,1153,1206,508,864,620
517: 452,180,282,56,96,738,34,97,98,1253
842: 452,282,180,56,96,48,738,307,97,727
130: 744,379,125,96,1206,508,144,864,1153,307
920: 452,180,56,282,96,48,727,514,307,729
897: 180,34,452,56,282,729,98,1253,466,156
37: 961,466,1105,238,1306,295,698,221,539,57
82: 744,379,313,508,592,125,127,262,91,1206
569: 34,180,156,729,98,466,1253,237,56,452
384: 180,56,466,452,1219,34,729,282,568,900
448: 96,282,452,56,180,307,48,864,738,125
324: 180,466,56,34,452,729,282,98,900,237
413: 180,56,452,282,34,466,96,729,98,1253
731: 1219,961,180,466,684,698,56,21,930,1011
356: 379,744,1153,144,85,125,96,620,508,1206
887: 96,744,379,125,144,1206,864,307,282,1153
74: 34,156,673,729,98,466,308,237,214,1253
725: 96,282,452,56,180,307,125,864,48,144
917: 452,282,56,180,96,48,727,307,514,738
749: 961,1219,1105,698,1306,238,295,684,1011,493
671: 452,180,56,282,96,48,727,1219,729,466
833: 744,313,379,125,1206,592,508,1258,864,236
403: 34,156,466,729,673,98,57,237,180,1253
195: 684,961,1219,356,493,1011,137,429,698,558
17: 744,379,313,508,592,125,1206,127,262,91
393: 738,34,529,97,98,483,452,1253,263,156
538: 180,56,452,282,34,96,729,466,98,1253
906: 180,56,452,282,1219,466,729,96,727,34
149: 744,379,125,313,508,1206,592,127,864,262
383: 452,282,180,56,96,48,738,97,1253,98
165: 96,125,744,307,864,1206,282,379,452,738
596: 466,34,57,900,729,180,156,117,238,961
628: 738,282,96,452,97,529,180,56,1258,483
603: 744,379,125,1206,96,864,307,313,508,592
584: 356,684,137,1011,961,493,429,51,304,558
604: 96,738,282,1258,307,864,452,125,1206,32
666: 96,1258,738,744,125,1206,864,307,236,32
531: 180,56,452,282,34,466,729,98,1253,96
230: 96,744,125,307,1206,864,1258,738,282,236
472: 180,452,56,282,96,34,729,466,48,98
525: 744,379,313,508,125,592,1206,127,91,262
171: 96,125,744,307,864,1206,1258,738,282,379
678: 1219,684,961,1011,698,356,137,493,429,930
79: 96,379,144,744,1153,125,620,1206,85,282
404: 96,125,744,307,864,1206,738,1258,282,236
8: 738,529,483,97,1258,263,96,282,34,98
771: 180,56,452,282,1219,466,96,729,727,34
330: 744,379,125,313,508,1206,592,127,864,262
549: 466,180,961,57,1105,34,238,1219,698,900
39: 180,1219,466,56,684,452,961,698,21,930
703: 1219,684,180,56,930,155,558,21,452,698
901: 180,56,466,1219,452,729,34,282,21,698
70: 744,379,313,125,508,1206,592,127,262,864
290: 738,529,483,97,34,263,1258,98,156,1253
51: 180,56,452,34,729,466,282,98,1253,156
100: 738,483,529,1258,263,97,946,384,704,791
237: 466,57,34,900,961,238,1105,539,310,4
916: 684,1219,727,768,155,1039,85,558,144,1108
301: 1258,744,125,738,1206,96,864,307,236,32
885: 180,56,452,282,96,466,729,34,1219,48
257: 961,356,1011,137,684,493,429,51,1219,1306
714: 96,282,452,56,180,738,307,48,97,864
339: 466,57,34,900,961,238,1105,729,4,539
143: 744,125,1206,96,1258,864,307,236,379,738
540: 961,466,1105,238,1306,698,295,1219,221,61
227: 96,738,1258,282,307,864,125,1206,744,452
454: 684,356,304,558,137,1011,493,488,1033,455
778: 180,56,452,282,1219,466,729,96,727,34
283: 180,56,452,34,282,466,729,98,1253,237
315: 466,34,57,900,238,961,1105,729,117,4
462: 180,56,452,466,282,34,729,1219,98,568
934: 180,56,452,282,466,729,34,96,1219,98
24: 961,238,1105,295,466,1306,57,221,539,192
113: 738,1258,483,529,97,32,96,236,168,307
228: 744,379,313,508,592,127,91,262,725,125
374: 466,180,34,56,729,452,57,900,248,237
875: 961,1219,684,466,698,180,1011,1306,1105,429
491: 738,1258,96,529,483,97,307,32,282,864
506: 34,156,98,1253,180,738,729,529,452,97
58: 1258,738,483,236,168,32,529,772,49,97
366: 96,125,282,307,744,864,1206,452,738,379
636: 744,379,125,1206,508,96,864,313,1153,144
211: 34,156,180,98,729,1253,452,466,237,56
829: 744,379,125,508,313,1206,592,127,864,96
859: 180,56,452,282,1219,96,727,48,466,155
308: 34,466,180,729,57,900,56,156,237,452
18: 744,1258,313,125,1206,236,592,864,379,307
653: 452,282,96,56,180,48,307,738,864,514
798: 961,1011,137,684,493,1306,356,698,1219,1105
65: 466,34,57,180,961,900,238,1105,729,4
861: 452,180,56,282,96,34,738,98,1253,729
554: 180,56,1219,466,452,729,698,21,34,684
929: 96,282,452,125,307,864,744,1206,144,56
369: 961,466,1105,238,295,1306,698,57,539,221
788: 180,56,452,282,1219,96,727,466,48,729
482: 180,1219,56,452,466,684,930,282,155,21
453: 744,379,313,508,125,592,1206,127,262,91
288: 684,558,1219,304,1039,356,155,1485,930,488
205: 57,466,961,34,238,1105,900,310,539,4
97: 34,156,98,738,1253,529,263,946,97,222
494: 452,282,56,180,96,48,738,307,97,1253
811: 744,379,313,508,125,592,1206,127,262,91
791: 744,379,313,125,508,1206,592,127,262,91
434: 96,452,282,738,307,56,864,125,1258,180
692: 96,282,452,307,125,864,56,738,1206,180
785: 452,180,56,282,96,48,727,729,1253,738
566: 34,180,466,729,156,56,98,452,1253,237
700: 744,379,508,313,125,592,127,1206,91,262
187: 34,180,466,729,56,156,452,98,1253,237
45: 34,156,738,529,98,946,263,483,1253,97
733: 180,34,466,56,729,452,57,900,156,237
134: 144,1153,379,96,85,744,125,282,620,727
418: 180,1219,56,452,684,466,930,155,21,282
503: 744,96,379,125,1206,864,307,144,508,1153
808: 744,379,125,1206,508,1153,96,144,864,313
245: 34,156,98,729,673,1253,180,237,222,546
62: 961,1105,1306,698,1219,238,295,1011,684,493
426: 356,137,684,1011,493,304,961,51,429,558
850: 34,466,180,729,56,452,57,900,156,237
122: 96,144,379,744,125,1153,282,864,1206,620
259: 744,379,125,1206,313,508,864,96,592,307
824: 738,452,282,96,529,97,180,56,483,34
269: 180,452,56,282,96,34,729,98,1253,738
740: 961,466,1219,180,698,1105,238,1306,684,295
275: 34,156,180,729,98,466,1253,237,673,56
621: 961,137,356,1011,493,51,332,429,684,1306
202: 744,379,313,508,592,127,125,91,262,1206
721: 452,180,56,282,96,48,727,729,738,307
571: 452,96,282,56,180,48,307,738,864,125
344: 379,744,508,313,125,1153,127,725,592,1206
640: 34,180,729,466,56,452,156,98,1253,237
1: 961,466,1105,238,698,295,1306,1219,61,221
756: 466,961,180,1219,1105,238,698,295,1306,57
912: 1219,684,961,1011,698,356,137,429,180,493
388: 1219,684,180,56,930,155,452,558,1039,21
510: 744,313,379,508,592,262,91,125,127,1206
191: 684,1219,558,1039,155,304,930,1485,356,488
328: 744,379,313,508,592,127,91,262,125,725
923: 738,96,282,1258,452,529,97,307,483,32
847: 452,56,180,282,96,727,48,1219,144,514
589: 379,744,125,1153,144,508,1206,96,85,620
735: 452,180,282,56,96,738,34,48,98,1253
352: 34,156,98,180,1253,729,738,452,529,97
509: 961,1105,238,1306,295,698,1011,61,493,137
387: 452,180,56,282,96,34,738,98,1253,97
262: 744,379,125,1206,96,864,313,508,307,592
837: 96,282,452,56,738,307,180,864,125,48
933: 452,180,56,282,96,34,729,48,98,1253
580: 1219,180,684,961,466,698,56,21,930,1011
884: 744,379,313,508,592,127,125,91,262,725
32: 961,238,1105,1306,295,466,221,57,539,192
397: 356,684,137,1011,493,304,961,429,51,558
892: 180,452,56,282,34,96,729,466,98,1253
428: 180,466,56,34,452,729,57,900,1219,568
161: 180,466,56,34,452,1219,729,900,57,961
196: 738,1258,529,483,97,96,32,236,168,307
519: 961,1105,238,295,1306,466,698,61,221,539
323: 744,379,125,1206,313,508,592,864,96,127
497: 34,156,673,466,729,98,237,1253,308,57
416: 744,313,379,508,592,125,1206,262,127,91
732: 1219,180,466,961,56,684,698,21,930,1105
905: 452,282,96,56,180,48,307,738,864,514
662: 466,961,180,57,1105,238,34,900,698,539
476: 452,180,56,282,96,48,729,727,1253,98
521: 180,34,56,452,466,729,98,282,1253,156
674: 744,313,379,125,1206,592,508,864,1258,236
911: 180,452,56,282,96,34,729,48,98,466
88: 744,379,313,508,592,127,125,91,262,276
390: 1219,684,56,180,155,727,452,930,1039,558
176: 684,304,558,356,1039,488,768,1219,1485,137
168: 1258,738,236,744,1206,864,96,125,32,307
593: 356,684,137,1011,304,493,558,51,429,332
613: 744,379,313,508,125,592,1206,127,91,262
223: 180,466,56,34,452,729,900,57,282,248
776: 96,282,452,56,180,738,307,864,125,48
536: 744,379,125,313,1206,508,592,864,127,262
104: 744,313,379,125,592,1206,508,1258,262,127
233: 452,96,282,56,180,727,144,48,514,307
471: 180,56,452,282,96,1219,727,48,466,729
297: 744,313,379,508,592,125,127,262,91,1206
766: 180,56,452,1219,282,727,96,684,155,930
305: 744,125,1206,1258,96,864,307,236,738,379
686: 961,137,1011,1306,493,51,1105,356,61,295
697: 684,558,1219,304,356,1039,155,488,1485,930
710: 744,379,125,1206,864,313,96,508,592,307
7: 379,744,508,125,313,1153,127,592,1206,725
335: 34,156,729,466,180,98,1253,673,237,308
362: 1258,744,96,125,738,1206,307,864,236,32
774: 744,125,379,1206,313,864,1258,592,508,307
928: 180,56,452,466,34,729,282,98,1253,237
287: 738,529,483,97,1258,263,34,98,282,1253
20: 34,156,98,738,529,1253,263,97,946,222
27: 452,56,180,282,96,48,738,307,97,1253
77: 180,56,466,452,1219,729,34,282,568,21
719: 96,744,125,379,1206,864,307,282,144,452
865: 961,1011,137,493,1306,356,1105,295,684,61
224: 744,313,379,592,508,125,1206,262,127,91
146: 744,379,125,508,1206,1153,313,144,592,127
54: 744,379,125,1206,313,864,508,592,96,307
871: 452,282,96,56,180,48,307,738,864,514
818: 744,125,1206,96,379,864,307,1258,313,236
312: 684,356,137,1011,961,493,1219,429,304,51
248: 56,1219,452,180,727,282,96,155,684,930
467: 684,304,356,558,137,1011,488,1039,1033,1219
761: 180,452,56,282,96,729,466,34,48,1219
69: 356,684,137,1011,304,493,558,51,429,332
638: 34,156,98,729,1253,180,673,237,222,466
154: 96,744,125,1206,307,864,1258,379,738,236
252: 738,282,452,96,529,97,180,56,483,1258
878: 180,34,452,56,729,98,466,282,1253,156
447: 961,1219,698,684,1105,1306,466,1011,295,238
550: 466,180,56,1219,961,34,452,729,57,698
365: 744,379,125,1206,313,508,864,592,96,307
457: 744,379,313,508,592,127,125,91,262,725
775: 684,356,137,1011,961,493,429,1219,51,304
209: 961,137,1011,1306,493,51,356,61,1105,295
126: 738,1258,96,529,483,307,97,32,864,236
349: 961,238,1105,466,57,295,1306,221,539,192
66: 744,379,313,508,592,125,127,91,262,1206
862: 34,180,466,729,56,452,156,98,1253,237
114: 744,379,125,96,1206,864,307,508,144,592
430: 738,529,483,97,1258,263,34,98,282,1253
696: 452,180,56,282,96,48,729,727,1253,34
781: 96,282,738,452,307,864,125,1258,1206,56
371: 34,156,98,673,1253,729,946,222,384,214
279: 34,180,466,729,56,452,156,98,1253,237
625: 96,282,125,744,307,452,864,144,1206,379
92: 744,379,313,125,508,1206,592,127,262,864
498: 1258,744,738,96,125,1206,864,307,236,32
138: 96,144,452,282,56,1153,727,125,379,307
241: 180,452,56,282,34,729,96,98,466,1253
214: 356,684,137,1011,304,493,558,429,51,455
41: 684,304,356,558,137,1011,488,1039,1033,493
632: 96,744,125,864,1206,307,282,379,144,452
561: 684,356,1219,558,304,137,1011,493,429,930
769: 180,34,466,56,729,452,98,156,1253,237
440: 744,379,125,1206,313,508,592,864,96,127
182: 1258,738,96,236,307,1206,744,125,864,32
559: 96,282,125,307,744,864,1206,452,379,738
487: 34,180,729,466,156,98,56,452,1253,237
802: 96,282,452,56,144,180,125,307,864,48
853: 180,56,452,282,34,466,729,96,98,1253
423: 744,379,125,508,313,1206,592,1153,127,144
647: 744,379,125,1206,508,313,96,864,592,127
796: 379,744,1153,508,125,144,313,725,85,127
575: 96,282,452,56,307,125,864,180,738,1206
12: 452,282,96,56,180,48,307,738,144,514
340: 684,1219,155,558,1039,930,727,768,1485,304
644: 452,282,96,56,180,48,307,738,144,514
691: 180,56,452,282,96,1219,727,48,466,729
488: 961,1105,238,1306,295,466,698,221,61,1011
937: 452,282,96,56,180,48,307,738,864,514
514: 738,34,529,98,97,483,156,263,1253,452
270: 180,1219,56,452,466,684,930,21,155,698
814: 180,452,56,282,96,34,729,466,98,1253
927: 180,56,452,34,282,729,466,98,1253,237
843: 961,1105,1306,238,295,1011,61,493,137,51
131: 1258,738,236,483,32,168,529,1206,864,307
246: 34,180,452,98,56,156,729,1253,282,237
99: 96,738,1258,307,282,864,452,125,529,32
896: 1219,684,558,930,155,1039,356,304,180,253
36: 180,56,452,282,1219,96,727,466,729,48
568: 738,1258,483,529,32,97,236,168,96,307
869: 744,96,125,379,1206,864,307,144,282,508
266: 744,379,313,508,592,125,1206,127,262,91
449: 738,96,1258,307,125,864,1206,744,236,32
743: 379,744,125,508,313,1153,1206,127,592,144
412: 744,125,96,1206,1258,864,307,738,236,32
736: 452,180,56,282,96,34,729,98,1253,48
770: 452,180,56,282,96,48,727,738,729,307
888: 180,56,452,1219,282,466,727,930,729,684
357: 85,1153,144,379,1108,393,727,623,1109,743
83: 744,125,1206,96,1258,864,307,738,236,379
724: 180,56,452,282,466,34,729,96,1219,98
347: 379,744,1153,85,508,725,144,125,313,127
670: 961,1105,238,466,295,1306,221,57,539,698
930: 96,282,452,56,144,180,307,125,864,48
832: 744,379,125,1206,313,508,592,864,307,96
745: 452,180,282,56,96,738,34,98,97,1253
192: 744,379,313,125,508,1206,592,127,262,91
327: 961,1105,238,1306,295,61,221,1099,1011,51
844: 1219,56,180,727,452,684,155,282,930,1039
31: 34,156,98,738,1253,529,263,946,222,97
394: 180,56,452,282,466,1219,729,34,96,568
909: 452,180,282,56,96,48,738,97,1253,98
539: 282,452,96,180,56,738,48,307,97,864
382: 744,379,125,1206,96,864,307,508,313,592
597: 96,282,452,738,56,180,307,97,529,864
64: 744,125,96,379,1206,864,307,1258,508,236
587: 961,1105,1306,238,295,1011,698,493,137,61
881: 1219,180,684,56,452,930,155,21,558,466
607: 96,282,452,56,180,307,125,864,144,48
475: 744,379,313,508,125,592,127,1206,262,91
172: 356,684,137,1011,493,961,304,429,51,558
677: 180,452,56,282,96,34,729,466,48,98
75: 96,452,282,56,738,180,307,864,48,125
405: 744,125,379,1206,313,864,1258,592,508,96
78: 96,144,379,282,1153,125,744,452,620,307
164: 96,282,452,56,180,144,307,125,864,48
331: 180,56,466,452,34,1219,729,282,568,900
617: 1219,56,180,727,452,684,282,155,930,1039
422: 379,744,508,313,125,1153,127,592,725,1206
3: 1219,684,180,155,56,930,558,1039,452,727
702: 452,56,180,282,96,48,738,727,729,307
38: 34,156,738,98,529,263,946,1253,384,483
532: 744,379,313,125,508,592,1206,127,262,91
900: 180,34,452,56,282,729,98,1253,466,156
667: 180,452,56,34,282,729,98,1253,466,156
293: 452,180,56,282,96,738,34,98,1253,48
765: 180,466,34,56,729,452,900,57,98,237
682: 379,744,508,313,125,1153,127,725,592,91
103: 379,744,125,508,1153,1206,144,313,127,592
668: 96,282,452,56,180,307,48,738,864,125
50: 744,125,1258,1206,313,864,236,307,379,96
236: 34,738,156,529,98,263,483,97,1253,946
594: 379,744,1153,144,125,85,96,508,620,1206
73: 738,96,282,1258,307,864,452,97,125,1206
602: 961,137,1011,356,493,51,1306,61,295,1105
158: 744,125,1206,1258,96,864,307,738,236,379
256: 961,466,57,238,1105,539,295,900,221,1306
715: 744,379,125,1206,96,864,307,313,508,592
336: 96,125,744,864,307,1206,282,738,1258,236
543: 356,684,961,137,1011,493,429,51,1219,304
220: 744,379,313,508,125,592,1206,127,262,91
142: 34,156,98,180,729,1253,237,466,452,673
709: 744,313,379,125,1206,592,508,864,127,1258
280: 379,744,313,508,125,127,592,725,91,1153
779: 452,180,56,282,96,48,729,738,34,1253
316: 180,56,452,282,466,1219,729,34,96,727
265: 744,313,1258,125,1206,592,236,379,864,508
463: 466,180,34,56,57,961,729,900,1219,1105
219: 684,1219,558,1039,155,768,304,930,1485,488
300: 744,313,379,508,592,125,262,1206,91,127
57: 744,96,125,379,1206,864,307,282,144,508
375: 744,379,313,508,592,125,127,262,1206,91
874: 744,313,379,125,1206,592,508,127,864,262
759: 466,961,57,1105,238,180,34,295,539,1306
361: 96,282,452,307,125,864,56,738,1206,180
914: 180,34,56,452,729,466,98,1253,156,282
210: 1258,744,1206,738,125,236,864,307,96,32
858: 180,56,452,34,282,729,466,98,1253,237
943: 452,180,56,282,96,48,729,727,1253,34
251: 684,727,1219,768,1039,155,85,144,558,1108
151: 466,961,1105,238,57,295,1306,539,180,900
799: 180,56,452,282,96,1219,48,466,727,729
866: 744,379,313,125,508,592,1206,127,262,91
110: 744,313,125,1206,1258,379,592,864,236,508
145: 34,156,673,98,1253,729,946,222,214,308
618: 1219,180,56,466,684,961,698,930,452,21
368: 34,466,180,56,729,452,57,900,156,237
483: 744,379,96,125,1206,864,144,307,1153,620
452: 180,56,452,282,1219,466,96,729,727,34
493: 96,452,282,56,180,144,48,307,727,125
468: 180,34,452,56,729,282,98,466,1253,156
96: 1219,684,180,56,930,698,155,21,558,961
548: 744,125,96,379,1206,864,307,508,144,620
437: 466,180,34,56,729,452,57,1219,900,961
695: 379,744,125,1153,144,96,1206,508,620,864
565: 452,282,96,56,180,727,144,48,514,307
649: 452,180,56,282,96,48,34,729,98,1253
16: 180,452,56,282,34,96,98,1253,729,738
784: 961,466,1105,1219,698,238,1306,295,1011,684
444: 34,156,180,729,98,466,1253,237,673,56
186: 738,1258,529,483,97,96,32,236,168,263
555: 452,282,180,56,96,48,727,307,514,144
135: 744,125,1206,379,1258,313,864,96,307,236
242: 684,1219,558,155,930,1039,304,1485,356,1033
502: 180,466,56,34,452,729,282,98,248,900
806: 356,684,137,1011,961,493,429,51,304,1219
46: 684,558,304,356,1219,1039,1485,137,155,488
121: 684,304,356,558,137,1039,488,1011,1485,1033
427: 96,744,125,1206,864,379,307,282,144,452
63: 180,1219,56,452,282,727,684,155,930,96
258: 96,282,452,56,738,180,307,864,125,48
810: 180,56,1219,452,466,282,684,930,155,21
747: 180,452,56,282,96,48,729,34,466,727
484: 738,1258,96,529,483,307,32,236,864,97
459: 466,180,961,1219,56,34,57,1105,698,238
274: 180,452,56,282,34,729,96,98,1253,466
203: 744,313,379,125,592,1206,508,127,262,91
318: 96,738,1258,125,307,864,744,1206,282,236
572: 744,379,125,1206,313,508,592,864,127,96
720: 96,282,452,125,307,864,1206,744,56,144
343: 684,356,304,137,558,1011,493,1219,429,253
87: 180,34,452,56,729,98,282,1253,466,156
623: 1219,180,56,684,466,452,930,21,698,961
641: 744,1258,313,125,1206,236,864,592,379,307
757: 452,56,180,282,96,727,144,48,1219,514
181: 34,180,466,729,56,452,156,98,1253,237
840: 96,738,282,1258,307,452,864,125,1206,32
634: 684,1219,155,558,1039,727,930,768,1485,304
922: 96,282,452,738,307,864,125,56,180,1206
505: 744,379,96,125,144,1206,1153,864,307,508
44: 466,180,34,56,729,452,57,900,1219,248
588: 96,125,744,282,307,864,1206,379,452,738
353: 1219,180,56,452,684,727,155,930,282,1039
918: 34,180,466,56,729,452,98,156,237,1253
856: 180,56,452,282,466,34,729,98,96,1253
848: 1219,684,961,180,698,466,1011,930,493,21
386: 452,282,56,180,96,48,727,144,307,514
529: 961,137,1011,356,493,51,1306,61,332,295
263: 34,156,98,1253,729,180,237,673,222,452
925: 96,282,452,56,180,307,48,144,864,125
408: 34,156,98,1253,729,180,529,673,738,222
836: 180,56,452,282,466,729,96,34,1219,48
511: 180,452,56,282,96,34,729,466,98,1253
80: 744,379,313,508,592,125,127,91,262,725
398: 356,137,1011,493,961,51,684,332,304,429
891: 180,452,56,282,96,34,729,466,98,1253
35: 452,56,180,282,96,727,48,1219,144,514
750: 744,96,125,379,1206,864,307,144,282,1153
401: 738,1258,96,529,483,97,307,32,864,236
160: 738,1258,529,96,483,97,32,282,307,236
197: 96,744,125,1206,307,864,1258,738,236,379
322: 744,379,313,508,125,592,127,1206,262,91
415: 738,96,282,452,529,97,1258,483,307,180
583: 180,452,56,282,96,48,729,34,727,466
804: 34,180,466,56,729,452,57,900,156,237
354: 96,452,282,56,180,738,307,48,97,864
827: 180,56,452,282,34,466,729,98,1253,96
464: 744,379,313,508,592,125,127,262,91,276
663: 452,180,282,56,96,738,34,98,1253,97
805: 961,1011,684,137,356,493,1219,429,1306,698
479: 452,180,56,282,96,34,729,98,1253,48
673: 180,466,34,56,729,452,57,900,1219,248
520: 466,180,961,1219,56,698,57,34,1105,238
831: 180,452,56,282,34,729,96,466,98,1253
89: 738,529,483,97,34,263,98,1258,156,946
915: 744,379,125,96,1206,864,307,508,144,1153
391: 744,379,313,508,592,127,91,262,125,1206
28: 466,57,34,900,961,238,1105,4,539,729
167: 744,379,313,125,1206,592,508,864,127,262
590: 744,379,125,508,1206,313,592,1153,864,96
705: 961,137,356,1011,493,51,1306,332,61,429
107: 684,1219,558,1039,155,304,356,930,1485,488
664: 180,56,452,466,282,34,729,98,1253,1219
537: 744,379,313,508,592,127,125,91,262,725
232: 961,1306,1105,295,238,1011,493,137,61,51
470: 180,452,56,282,96,34,729,466,48,98
527: 684,356,304,137,1011,558,493,429,455,51
177: 744,379,313,508,592,125,127,262,91,1206
304: 180,34,56,452,466,729,98,1253,282,156
608: 34,156,98,180,1253,729,452,738,237,529
687: 961,1105,238,1306,295,61,221,1011,51,137
711: 744,379,125,96,144,1206,1153,864,508,307
332: 379,144,1153,744,85,96,125,620,1206,634
547: 1219,180,56,684,452,155,727,930,282,1039
612: 452,180,282,56,96,738,34,98,48,1253
76: 180,56,452,466,282,1219,729,34,568,96
178: 684,1219,961,356,1011,493,137,429,558,698
681: 379,744,125,96,144,1153,1206,864,508,620
284: 356,137,1011,493,684,961,51,304,429,332
910: 452,282,180,56,96,48,738,307,97,727
21: 744,379,313,508,592,125,127,262,91,1206
296: 34,156,98,1253,729,180,529,673,237,222
141: 96,282,125,307,452,864,744,1206,144,379
789: 180,1219,56,452,684,282,930,155,727,466
225: 744,1258,125,1206,864,236,738,307,96,313
870: 180,56,452,1219,282,466,727,930,684,155
239: 684,1219,356,1011,558,493,137,961,429,304
53: 744,379,125,1206,313,508,592,864,1258,307
764: 727,452,56,96,282,144,180,1219,1153,393
639: 180,466,1219,56,452,961,698,21,729,34
299: 738,529,483,1258,97,263,96,282,98,452
249: 34,180,452,98,1253,738,56,156,282,529
760: 180,56,452,34,282,729,466,98,1253,237
303: 180,466,56,34,452,729,282,900,98,237
5: 738,96,1258,307,864,125,1206,744,236,32
255: 34,156,98,1253,738,529,180,729,97,263
601: 1219,180,466,961,56,698,684,21,930,452
738: 744,379,125,313,1206,508,592,864,127,262
551: 738,282,452,529,97,96,180,483,34,98
772: 180,452,56,282,96,34,729,466,98,1253
364: 85,144,1153,727,1108,393,768,1109,379,623
26: 96,282,452,56,180,307,864,125,48,738
313: 1258,744,738,125,1206,236,864,307,96,32
348: 744,125,1206,96,379,864,307,1258,236,313
433: 34,180,466,729,56,452,156,98,1253,237
863: 34,156,180,98,729,1253,466,452,237,56
67: 34,156,98,673,1253,729,237,222,946,180
115: 452,56,282,96,180,727,144,48,514,1219
376: 961,238,1105,1306,295,221,466,539,57,61
436: 744,379,313,125,508,1206,592,127,262,91
109: 96,738,282,452,307,1258,864,529,125,56
207: 744,313,1258,1206,125,592,379,236,864,508
42: 961,137,1011,1306,1105,493,51,238,61,295
139: 961,1306,1105,238,295,61,137,1011,493,51
91: 452,180,56,34,282,98,738,1253,96,729
217: 180,452,56,282,96,34,729,466,98,1253
125: 738,1258,483,529,97,263,49,168,791,32
152: 738,529,34,97,452,282,98,483,180,1253
819: 744,125,1206,96,864,1258,307,379,236,313
185: 1258,738,236,32,96,307,1206,864,483,744
441: 961,238,1105,295,1306,221,466,57,539,1099
556: 744,125,96,379,1206,864,307,144,508,620
480: 452,282,180,56,96,738,34,97,98,529
599: 356,137,1011,961,493,684,51,429,332,304
626: 180,452,56,282,96,48,729,466,34,727
278: 180,34,56,452,466,729,98,1253,282,156
420: 466,34,180,57,729,56,900,452,961,4
852: 961,684,1219,1011,356,137,493,429,698,1306
576: 961,466,238,1105,57,295,1306,539,221,900
813: 684,356,304,558,137,1011,1219,493,429,253
797: 180,56,1219,452,466,282,729,34,684,930
868: 452,56,180,282,96,48,727,514,144,307
645: 180,34,452,56,729,98,466,282,1253,156
690: 744,1258,1206,125,738,236,864,313,307,32
787: 466,961,1105,238,57,295,180,1306,698,539
11: 744,379,313,508,592,127,91,262,125,276
98: 34,466,156,57,729,673,900,180,98,237
47: 744,313,379,592,508,125,1206,262,127,91
277: 356,137,684,1011,493,304,51,961,429,558
515: 1219,180,56,452,684,930,155,466,282,21
132: 744,96,125,1206,864,307,1258,379,738,236
926: 180,56,452,282,1219,727,96,48,155,466
501: 684,961,1219,356,1011,137,493,429,698,558
247: 466,961,57,238,1105,34,900,539,295,1306
803: 180,56,452,282,466,34,729,1219,96,98
25: 34,466,180,729,156,98,56,237,57,1253
754: 452,180,56,282,96,48,729,34,1253,98
699: 744,379,508,313,125,592,1206,127,262,91
499: 961,356,1011,137,684,493,429,51,1306,1219
267: 744,379,125,508,313,1206,592,1153,127,144
630: 180,56,452,282,466,1219,729,34,96,568
742: 34,738,529,156,98,483,97,263,1253,946
508: 96,282,452,738,56,180,307,864,97,529
350: 744,379,125,1206,313,864,508,592,96,307
889: 96,738,1258,307,864,125,1206,282,744,32
429: 452,282,180,56,96,738,97,34,98,48
727: 180,452,56,282,96,48,727,1219,729,466
895: 1219,180,56,684,452,930,155,727,282,558
84: 744,313,125,1206,1258,379,592,508,236,864
642: 1219,180,684,56,930,155,452,21,466,698
835: 180,56,452,282,34,466,729,96,98,1253
780: 96,282,452,56,180,307,125,864,144,48
931: 180,56,452,282,1219,96,727,466,729,48
512: 180,56,452,466,282,1219,729,34,568,248
939: 180,56,452,1219,282,466,729,930,727,684
193: 684,356,304,558,137,1011,488,493,1039,1033
326: 961,137,1011,493,356,51,1306,61,295,1105
411: 744,379,125,1206,96,864,508,313,307,592
845: 744,379,125,1206,96,508,864,307,144,313
395: 34,156,180,729,98,466,1253,237,673,56
30: 744,379,313,508,592,125,127,91,262,1206
908: 180,452,56,282,96,34,729,48,98,1253
381: 452,56,180,282,96,48,727,144,514,307
800: 180,466,56,452,1219,34,729,282,568,900
753: 961,1219,684,1011,698,356,493,137,429,1306
6: 180,56,452,34,466,729,282,98,1253,237
260: 961,137,1011,1306,493,51,1105,356,61,238
706: 744,379,313,125,508,1206,592,127,262,91
758: 744,379,313,508,125,592,1206,127,262,91
586: 961,137,1011,356,493,51,1306,61,295,429
882: 452,180,56,282,96,48,727,729,1253,514
474: 452,282,180,56,96,738,48,97,307,1253
523: 379,144,1153,744,96,85,125,620,1206,634
173: 85,379,1153,144,393,623,1108,634,744,647
676: 452,180,282,56,96,738,34,97,98,529
406: 356,684,137,1011,304,493,558,51,429,332
163: 96,282,452,56,180,307,125,864,144,48
504: 466,961,57,238,1105,34,900,539,295,1306
198: 744,379,313,125,1206,508,592,864,127,262
321: 452,96,282,56,180,738,529,97,34,98
456: 180,56,452,282,96,1219,727,48,466,729
616: 452,282,56,180,96,48,307,727,738,514
701: 180,452,56,282,96,48,729,34,1253,98
229: 180,452,56,282,96,34,729,466,98,1253
903: 1219,180,684,56,452,930,155,558,21,466
660: 34,466,180,57,729,900,156,56,237,248
533: 34,180,98,156,452,1253,729,56,282,237
654: 180,56,452,1219,282,466,729,34,727,568
292: 738,529,97,483,452,282,96,1258,34,263
683: 452,96,282,56,180,738,97,529,48,307
821: 180,56,452,282,96,1219,727,48,144,466
235: 180,56,452,1219,282,466,729,727,96,34
669: 180,56,1219,452,282,727,684,155,930,96
174: 744,313,379,508,592,125,1206,262,127,91
380: 96,282,452,56,180,738,307,864,125,48
72: 738,1258,483,529,97,32,96,236,168,307
716: 96,282,452,56,307,738,864,125,180,1206
118: 738,34,529,483,263,156,97,946,98,384
337: 961,1105,238,466,295,57,1306,221,539,192
611: 744,313,125,1206,1258,379,592,864,236,508
542: 85,1153,144,379,1108,393,623,727,1109,768
221: 961,1011,137,1306,493,1105,295,356,61,51
708: 180,56,452,282,466,1219,729,34,96,727
534: 744,379,313,508,592,125,127,262,91,1206
102: 744,379,313,508,592,125,127,262,91,1206
317: 961,1105,1306,238,295,61,1011,493,137,51
460: 684,1219,356,1011,137,493,961,558,429,930
22: 744,379,313,508,592,127,125,91,262,1206
295: 744,379,313,508,592,125,1206,127,262,91
218: 744,379,125,96,144,1206,1153,508,864,307
307: 684,356,304,137,1011,558,493,429,1219,455
688: 180,56,452,34,282,466,729,98,1253,237
651: 452,180,56,282,96,48,727,307,514,729
159: 744,379,313,125,508,1206,592,127,262,91
877: 744,125,96,1206,864,379,307,1258,236,738
56: 1258,738,744,236,1206,125,864,96,307,32
360: 466,961,57,1105,238,180,34,900,539,295
281: 356,137,1011,684,493,961,51,304,429,332
129: 180,452,56,282,96,34,729,466,98,1253
156: 379,744,144,1153,85,125,96,620,1206,508
942: 180,1219,56,452,466,684,930,282,21,155
250: 744,379,313,508,592,125,127,262,91,276
867: 452,180,56,282,96,34,738,98,1253,529
111: 738,529,483,97,263,1258,34,98,946,384
144: 452,282,96,56,180,48,307,738,864,514
451: 744,379,313,508,592,125,127,91,262,1206
95: 34,466,180,729,57,156,900,56,237,98
4: 452,56,180,282,96,727,1219,144,48,514
310: 744,379,313,508,125,592,1206,127,262,91
793: 452,56,282,180,96,48,727,307,144,514
492: 34,466,180,729,156,98,237,57,56,1253
469: 466,961,1219,180,698,56,684,1105,21,238
213: 738,529,483,97,263,34,1258,98,156,946
694: 96,282,452,56,307,125,864,180,144,48
783: 34,156,98,1253,729,180,673,529,738,222
564: 34,466,57,156,729,900,180,673,237,333
373: 744,313,379,125,592,508,1206,127,262,91
189: 180,56,34,466,452,729,282,98,1253,237
445: 744,379,313,508,125,592,1206,127,262,91
552: 1219,180,56,684,466,452,930,21,698,155
605: 356,137,1011,684,493,961,51,304,429,332
243: 744,379,96,125,1206,144,864,307,1153,508
807: 180,34,466,56,729,452,156,98,900,57
424: 96,452,282,56,180,144,727,48,514,307
938: 180,56,466,1219,452,34,729,282,568,21
614: 1219,56,180,452,727,684,282,155,930,96
120: 180,34,56,466,452,729,98,1253,282,237
728: 466,180,34,56,729,57,900,452,1219,961
817: 96,282,452,56,144,180,307,125,864,48
15: 34,156,98,738,673,946,529,1253,384,263
116: 744,313,379,125,592,1206,508,1258,262,236
60: 34,156,98,180,1253,729,237,673,452,222
746: 452,180,282,56,96,738,34,98,1253,97
485: 379,744,1153,144,125,508,85,1206,620,725
458: 1219,684,180,930,961,698,558,56,1011,356
200: 466,34,57,900,180,729,156,117,4,961
650: 96,744,125,379,1206,307,864,282,144,452
136: 34,180,466,729,156,98,56,1253,452,237
319: 96,379,744,144,125,1153,1206,864,282,307
633: 56,452,180,1219,727,282,96,144,155,684
579: 452,180,282,56,96,34,738,98,1253,97
899: 180,466,56,1219,961,452,34,729,698,57
342: 727,144,1219,85,1153,452,56,96,282,393
439: 34,156,738,98,529,1253,946,263,97,384
713: 96,282,452,56,180,307,48,125,864,144
619: 96,282,452,56,180,738,307,864,48,125
563: 180,34,466,56,452,729,282,98,237,1253
935: 452,56,180,282,96,48,34,729,738,98
378: 452,180,282,56,96,738,34,48,98,1253
823: 96,282,452,144,56,180,727,1153,125,307
180: 744,1258,125,1206,864,96,307,236,738,313
921: 282,452,96,180,56,738,97,529,307,48
841: 180,56,452,282,1219,96,466,727,729,48
48: 738,96,1258,282,307,864,97,529,32,1206
657: 466,180,34,729,56,57,900,452,248,237
855: 466,180,961,1219,56,34,57,698,1105,238
919: 180,452,56,282,34,729,466,96,98,1253
723: 180,452,56,282,96,34,729,466,98,1253
794: 96,282,452,56,180,48,307,738,864,125
573: 96,125,744,307,864,1206,282,738,1258,379
264: 85,1153,1108,144,379,393,768,727,623,1109
528: 1219,684,961,698,1011,180,930,356,493,558
839: 96,282,452,56,180,307,144,48,125,864
148: 738,529,34,97,483,263,98,1253,452,156
409: 961,137,1011,356,493,51,1306,61,1105,295
516: 180,56,452,34,282,466,729,98,1253,237
272: 180,452,34,56,282,98,1253,729,738,96
629: 34,180,98,156,1253,452,738,729,529,56
